2734
8319
882
1778
7680
6057
3254
7400
2911
6068
5164
7398
3031
9676
7980
8939
6389
3416
116
9544
8663
5827
5448
1369
2151
9287
8969
1160
2067
9166
7695
3027
9299
406
3499
2676
588
2564
825
3316
4797
334
8665
7895
3991
5198
2649
745
9858
6562
8509
450
1564
648
5714
2081
9425
6631
6385
1191
3863
6920
8386
5960
5797
179
2527
4488
2703
1433
7031
2490
1531
5494
2351
2860
8724
9891
6490
2718
8110
7171
1819
9162
5258
8383
6705
3158
3704
4594
119
6916
5122
2603
9909
2240
6892
5852
7405
9448
694
5475
1912
5550
8304
2640
6970
9472
9627
5064
7056
5224
8525
9563
7092
8262
4679
5748
3711
9735
7072
5388
7326
6130
7511
2512
1492
5766
6271
6565
4393
7014
6185
1138
3809
9588
861
423
1877
1586
1729
806
3024
2116
9883
5762
8214
1834
2667
5008
9409
2306
3118
2817
2332
6251
6520
1864
1307
6527
7179
3646
9570
9804
9585
1671
7479
1403
766
5774
2125
7270
9965
2586
3438
8925
1002
587
5697
3100
5032
5500
8780
8173
2285
5877
3522
6781
6066
920
1490
1718
5306
8278
7124
740
8323
475
7275
2485
7720
1846
4172
3135
1371
871
2616
8224
596
4412
3049
7827
5471
2600
6481
6641
5588
6318
2786
1653
5413
6876
5974
9980
6295
7338
6255
4672
2511
7173
7201
624
6978
8541
6736
7964
9663
4815
8949
4109
6473
5415
4525
4006
1162
6321
6992
4498
6092
4272
1246
5495
1798
2870
2459
9732
4307
1723
2352
4621
1800
3088
4433
9953
921
7556
9435
6042
8592
9324
7233
9490
2484
17
7010
1625
1027
2741
528
5735
3029
3108
7409
326
756
1201
2376
746
2493
4841
4336
1762
3992
9124
6750
7816
4104
6265
5105
8649
9015
6529
7069
3126
4044
7975
9353
6221
6688
1421
6987
9060
7013
7793
6558
2327
1603
3569
452
6883
7274
1150
2107
7001
7913
8475
2709
4106
8184
2761
443
6059
227
6495
6009
7368
298
7042
6476
4472
8112
2480
7499
2845
5418
5334
6015
6417
1902
400
4581
8303
4081
8689
5093
725
9098
1898
9726
434
8220
4730
354
8562
3889
9031
6714
2929
9161
7684
8282
3728
3560
6715
4305
5496
223
9693
5610
805
5196
1558
1035
6124
7426
9825
4647
2660
8995
1995
867
7019
2721
7915
4001
7143
6911
178
7467
7811
5116
5440
2815
3843
5659
7133
3167
1429
3341
1061
2538
4428
6734
4163
6459
3879
242
9180
1714
2917
5154
1209
9611
2560
7170
4284
402
1064
9536
2170
4917
4530
5524
2244
4549
3198
5890
205
7884
5147
6884
3999
3227
3191
2321
9815
5616
7854
2935
6137
1075
3722
1094
5396
6741
848
8415
627
5867
6110
6496
1473
7492
8324
8829
7197
6249
9865
7182
6465
4714
3469
9313
4416
9223
6687
5406
8489
702
3134
285
1048
4190
885
9264
2201
5842
282
3607
1935
8289
6853
5344
481
9493
7874
9642
7147
7728
9621
